0.8470000000000001 0.11318568814121333 32.045890741587556
0.784 0.07378346698278689 28.443974610982945
0.6828 0.04112614740040694 25.247883347583056
0.6089 0.02646866071413511 23.63705748412606
0.57535 0.017424910329754927 22.498031592764953
0.52672 0.007301068414965016 21.487338792554066

0.812 0.07756287771866127 20.063837707289167
0.806 0.06938299503480662 16.18874991379487
0.8016 0.03137897385192831 12.750265009479302
0.7346 0.026473382859015227 11.017273064472711
0.6944 0.012475576139000548 9.79186270841689
0.6529 0.011415690955872968 8.704518308642559
0.642 0.007939538189760575 8.361172786474006


0.52672 0.007301068414965016 21.487338792554066 35
0.46344 0.006025811148716818 15.464680663698871 58
0.45476 0.00632063287970438 12.718325949089285 144
0.484 0.006012353948330051 9.73254369049883 277
0.473 0.0051711120660840595 7.621276808303035 
0.482 0.0066142573279242825 5.747884593654544

